[814, 249, 35, 26]
[961, 346, 73, 55]
[748, 206, 17, 11]
[559, 223, 22, 15]
[774, 222, 22, 16]
[591, 208, 15, 11]
[327, 350, 68, 51]
[500, 252, 34, 26]
[777, 195, 12, 11]
[813, 248, 36, 26]
[320, 356, 69, 54]
[964, 352, 73, 53]
[497, 251, 34, 25]
[558, 224, 20, 15]
[747, 205, 17, 12]
[773, 220, 24, 17]
[590, 209, 15, 11]
[624, 201, 12, 10]
[136, 256, 36, 20]
[110, 265, 33, 19]
[815, 252, 38, 27]
[298, 365, 78, 58]
[491, 259, 34, 26]
[771, 222, 26, 17]
[976, 363, 79, 60]
[552, 226, 22, 16]
[746, 206, 18, 12]
[0, 305, 25, 17]
[585, 212, 16, 11]
[620, 203, 13, 11]
[98, 275, 29, 18]
[828, 258, 39, 29]
[778, 225, 23, 17]
[549, 227, 22, 16]
[250, 400, 85, 67]
[479, 263, 38, 27]
[749, 203, 19, 13]
[1021, 393, 92, 70]
[619, 203, 13, 11]
[584, 212, 16, 12]
[104, 274, 29, 19]
[849, 273, 48, 34]
[450, 279, 44, 32]
[784, 228, 28, 19]
[750, 205, 23, 14]
[535, 232, 24, 18]
[576, 213, 17, 11]
[120, 491, 102, 87]
[615, 202, 14, 11]
[22, 286, 43, 26]
[55, 283, 35, 26]
[778, 196, 15, 12]
[1122, 477, 121, 101]
[800, 244, 32, 22]
[515, 246, 31, 23]
[395, 313, 55, 39]
[756, 217, 23, 14]
[893, 308, 56, 42]
[565, 224, 18, 13]
[782, 204, 14, 11]
[608, 211, 15, 11]
[644, 206, 12, 11]
[825, 256, 35, 27]
[479, 259, 35, 27]
[983, 369, 81, 60]
[763, 223, 25, 17]
[545, 226, 21, 16]
[786, 203, 16, 11]
[277, 380, 76, 56]
[597, 212, 15, 11]
[638, 205, 12, 11]
[761, 212, 18, 12]
[869, 285, 52, 38]
[408, 286, 51, 37]
[776, 232, 30, 21]
[771, 214, 20, 14]
[796, 206, 17, 12]
[514, 235, 28, 21]
[629, 207, 15, 11]
[582, 215, 18, 12]
[669, 202, 13, 11]
[801, 253, 37, 27]
[452, 261, 37, 27]
[1007, 385, 87, 67]
[783, 226, 24, 17]
[550, 226, 23, 16]
[610, 213, 17, 13]
[806, 214, 19, 13]
[228, 394, 80, 63]
[657, 206, 15, 11]
[301, 335, 63, 48]
[817, 252, 34, 24]
[894, 326, 67, 46]
[495, 253, 32, 24]
[583, 231, 24, 18]
[645, 218, 18, 12]
[833, 229, 21, 16]
[684, 211, 13, 10]
[889, 253, 36, 26]
[530, 256, 35, 27]
[367, 312, 58, 42]
[622, 230, 25, 18]
[906, 312, 56, 39]
[867, 230, 31, 20]
[675, 218, 17, 12]
[705, 209, 13, 11]
[856, 215, 16, 12]
[719, 204, 13, 11]
[681, 214, 16, 12]
[823, 201, 13, 11]
[993, 316, 56, 41]
[899, 239, 28, 20]
[556, 260, 37, 27]
[920, 269, 43, 30]
[380, 331, 63, 45]
[867, 224, 21, 15]
[634, 231, 26, 19]
[850, 213, 18, 12]
[811, 205, 15, 11]
[673, 221, 17, 13]
[937, 278, 43, 31]
[1033, 359, 71, 53]
[540, 266, 40, 28]
[378, 348, 68, 51]
[601, 235, 25, 18]
[825, 220, 22, 16]
[862, 239, 27, 19]
[772, 209, 18, 12]
[695, 203, 16, 11]
[625, 225, 20, 14]
[565, 215, 15, 11]
[616, 216, 18, 13]
[524, 213, 14, 10]
[447, 283, 47, 38]
[875, 284, 47, 34]
[792, 243, 30, 21]
[266, 408, 89, 65]
[437, 236, 23, 17]
[712, 225, 22, 16]
[391, 233, 21, 15]
[1099, 410, 93, 71]
[502, 259, 33, 25]
[452, 214, 16, 11]
[610, 216, 19, 14]
[497, 242, 23, 17]
[515, 213, 17, 11]
[337, 234, 17, 12]
[404, 214, 15, 10]
[298, 233, 13, 11]
[384, 215, 13, 10]
[780, 273, 44, 32]
[309, 259, 33, 23]
[268, 256, 27, 18]
[954, 372, 84, 61]
[536, 228, 24, 18]
[659, 237, 33, 24]
[425, 224, 21, 15]
[210, 254, 22, 16]
[375, 268, 34, 26]
[357, 226, 17, 12]
[347, 311, 52, 39]
[223, 389, 79, 61]
[180, 249, 16, 11]
[309, 227, 14, 11]
[288, 224, 15, 11]
[166, 247, 14, 11]
[305, 318, 58, 42]
[251, 294, 42, 31]
[744, 273, 49, 35]
[570, 245, 34, 26]
[956, 369, 82, 61]
[365, 231, 23, 16]
[217, 282, 33, 24]
[440, 234, 26, 18]
[160, 458, 97, 70]
[318, 231, 17, 12]
[163, 259, 18, 12]
[302, 226, 16, 11]
[178, 271, 24, 16]
[295, 225, 15, 11]
[163, 243, 15, 11]
[469, 237, 28, 20]
[554, 248, 37, 28]
[209, 285, 31, 22]
[425, 229, 20, 14]
[207, 321, 41, 28]
[749, 297, 58, 43]
[230, 258, 22, 15]
[1111, 445, 98, 76]
[403, 220, 15, 10]
[130, 523, 110, 78]
[245, 248, 17, 11]
[179, 374, 63, 48]
[256, 240, 14, 10]
[414, 224, 17, 12]
[435, 204, 13, 11]
[271, 233, 12, 10]
[725, 270, 46, 33]
[883, 336, 77, 54]
[666, 239, 31, 22]
[392, 255, 32, 22]
[432, 238, 23, 16]
[136, 435, 91, 73]
[462, 227, 18, 13]
[649, 212, 21, 14]
[290, 311, 51, 39]
[671, 205, 16, 12]
[492, 216, 16, 11]
[659, 227, 22, 17]
[743, 197, 13, 10]
[525, 210, 12, 11]
[698, 200, 16, 11]
[685, 202, 16, 11]
[983, 303, 50, 36]
[510, 296, 57, 42]
[597, 256, 38, 28]
[651, 237, 25, 17]
[939, 263, 37, 26]
[913, 238, 23, 14]
[951, 219, 18, 12]
[167, 504, 110, 87]
[999, 214, 18, 12]
[926, 225, 19, 13]
[1195, 472, 108, 77]
[1062, 220, 14, 10]
[773, 210, 14, 11]
[738, 214, 15, 11]
[696, 223, 20, 13]
[1098, 220, 14, 11]
[816, 208, 12, 11]
[915, 249, 26, 18]
[861, 206, 11, 11]
[560, 292, 56, 40]
[1018, 300, 55, 41]
[950, 240, 30, 20]
[629, 251, 38, 27]
[689, 229, 27, 18]
[1116, 381, 77, 58]
[958, 231, 25, 16]
[981, 225, 22, 15]
[736, 218, 21, 14]
[1026, 221, 19, 13]
[963, 264, 37, 26]
[1175, 228, 15, 11]
[822, 208, 15, 11]
[408, 393, 80, 60]
[870, 205, 14, 11]
[775, 210, 19, 14]
[1214, 229, 14, 10]
[908, 205, 13, 11]
[1127, 225, 15, 11]
[1091, 225, 16, 11]
[950, 206, 12, 10]
[950, 245, 30, 21]
[968, 268, 39, 27]
[620, 259, 37, 26]
[977, 227, 20, 13]
[1160, 408, 83, 60]
[678, 235, 27, 18]
[1033, 310, 57, 41]
[767, 214, 18, 13]
[1087, 226, 16, 11]
[957, 235, 24, 16]
[1023, 224, 18, 12]
[1171, 230, 16, 11]
[1123, 228, 15, 11]
[1208, 229, 16, 11]
[814, 210, 16, 12]
[726, 222, 21, 15]
[862, 208, 14, 10]
[540, 302, 60, 43]
[944, 208, 12, 11]
[901, 208, 12, 11]
[1159, 227, 14, 11]
[1235, 229, 15, 11]
[975, 275, 45, 31]
[950, 250, 34, 23]
[508, 321, 66, 48]
[974, 226, 22, 14]
[663, 237, 30, 19]
[713, 222, 22, 15]
[755, 213, 18, 12]
[1051, 326, 57, 43]
[952, 236, 27, 18]
[1166, 227, 16, 11]
[598, 265, 43, 31]
[1204, 448, 93, 68]
[803, 209, 16, 12]
[1118, 225, 17, 11]
[1083, 224, 17, 12]
[1019, 223, 20, 14]
[854, 205, 14, 11]
[1202, 229, 14, 11]
[1091, 225, 17, 12]
[892, 205, 13, 11]
[935, 204, 13, 10]
[1210, 229, 13, 12]
[976, 289, 43, 30]
[566, 282, 45, 33]
[952, 255, 27, 19]
[1070, 346, 72, 54]
[457, 356, 71, 52]
[639, 248, 31, 22]
[1010, 230, 19, 13]
[694, 232, 23, 16]
[1074, 232, 16, 12]
[964, 234, 24, 16]
[737, 223, 19, 13]
[838, 213, 15, 11]
[789, 217, 16, 12]
[1109, 233, 16, 11]
[879, 212, 14, 12]
[158, 605, 109, 120]
[1084, 230, 16, 11]
[1155, 234, 15, 11]
[922, 211, 14, 11]
[992, 297, 52, 38]
[517, 291, 58, 42]
[1121, 382, 82, 65]
[942, 237, 29, 20]
[664, 228, 26, 18]
[952, 265, 40, 27]
[956, 230, 22, 15]
[603, 249, 36, 26]
[711, 217, 21, 15]
[374, 416, 72, 54]
[999, 223, 20, 13]
[1142, 225, 16, 11]
[816, 204, 17, 12]
[1061, 222, 18, 12]
[857, 203, 15, 11]
[901, 204, 14, 11]
[1095, 221, 20, 12]
[763, 209, 20, 14]
[1149, 226, 14, 11]
[931, 252, 33, 24]
[1015, 331, 70, 50]
[429, 338, 70, 51]
[546, 268, 43, 29]
[983, 228, 21, 14]
[617, 237, 32, 24]
[673, 225, 23, 16]
[941, 236, 27, 17]
[1044, 227, 17, 12]
[1077, 227, 17, 11]
[952, 283, 48, 36]
[730, 216, 19, 13]
[785, 209, 18, 12]
[174, 568, 130, 112]
[1208, 454, 112, 71]
[873, 206, 14, 11]
[1122, 227, 16, 11]
[1152, 227, 14, 10]
[828, 207, 14, 11]
[1104, 228, 15, 12]
[943, 208, 13, 11]
[971, 312, 62, 45]
[943, 239, 28, 18]
[927, 268, 39, 26]
[553, 255, 38, 27]
[962, 229, 25, 18]
[454, 303, 55, 41]
[1054, 228, 18, 12]
[1023, 229, 18, 13]
[616, 234, 29, 21]
[1034, 227, 19, 14]
[743, 213, 18, 13]
[682, 223, 22, 16]
[1078, 396, 87, 64]
[837, 208, 15, 11]
[1096, 227, 16, 11]
[1123, 227, 14, 11]
[788, 210, 16, 12]
[264, 444, 84, 60]
[910, 209, 14, 11]
[926, 242, 30, 22]
[928, 302, 51, 37]
[904, 261, 35, 26]
[270, 389, 77, 57]
[1033, 390, 81, 61]
[938, 238, 26, 18]
[531, 255, 36, 26]
[439, 292, 50, 37]
[614, 236, 25, 18]
[1024, 233, 19, 14]
[734, 215, 18, 13]
[996, 235, 22, 15]
[1065, 232, 17, 11]
[684, 220, 22, 15]
[787, 213, 16, 11]
[1087, 230, 14, 11]
[1037, 232, 19, 13]
[866, 213, 15, 11]
[898, 286, 48, 33]
[912, 249, 35, 25]
[383, 295, 51, 36]
[975, 231, 23, 15]
[505, 256, 36, 27]
[972, 375, 77, 59]
[217, 382, 75, 56]
[967, 238, 23, 15]
[1027, 229, 18, 12]
[597, 229, 27, 19]
[719, 213, 20, 13]
[992, 233, 21, 14]
[658, 218, 24, 17]
[912, 210, 12, 10]
[807, 210, 17, 11]
[871, 209, 13, 11]
[1049, 223, 14, 10]
[1042, 222, 15, 11]
[940, 210, 12, 10]
[898, 279, 47, 32]
[939, 250, 28, 19]
[925, 364, 84, 61]
[305, 320, 56, 41]
[960, 241, 23, 15]
[547, 240, 27, 19]
[626, 227, 24, 18]
[55, 440, 82, 63]
[460, 261, 38, 28]
[731, 219, 19, 14]
[988, 232, 22, 14]
[803, 213, 16, 11]
[847, 210, 14, 11]
[877, 210, 13, 11]
[938, 255, 29, 19]
[214, 339, 61, 46]
[926, 358, 74, 53]
[374, 284, 40, 28]
[490, 252, 35, 27]
[929, 282, 39, 28]
[953, 241, 25, 17]
[633, 235, 24, 18]
[770, 217, 16, 11]
[720, 221, 19, 14]
[914, 214, 14, 11]
[803, 214, 14, 11]
[947, 230, 17, 12]
[874, 208, 12, 11]
[941, 222, 15, 11]
[762, 203, 12, 10]
[778, 206, 12, 11]
[925, 255, 36, 25]
[490, 261, 38, 27]
[261, 317, 53, 40]
[928, 289, 47, 33]
[899, 229, 26, 18]
[613, 230, 27, 20]
[967, 347, 71, 53]
[880, 220, 20, 14]
[715, 216, 18, 14]
[677, 224, 19, 14]
[22, 409, 72, 54]
[842, 211, 16, 12]
[793, 205, 14, 11]
[663, 205, 14, 10]
[670, 214, 18, 13]
[493, 253, 38, 28]
[855, 237, 29, 20]
[580, 235, 27, 22]
[913, 278, 46, 35]
[293, 324, 60, 46]
[971, 357, 72, 54]
[627, 224, 22, 15]
[826, 223, 21, 16]
[592, 214, 17, 12]
[777, 209, 20, 14]
[718, 204, 16, 11]
[569, 209, 16, 11]
[522, 209, 12, 11]
[449, 209, 12, 11]
[585, 212, 17, 12]
[1128, 548, 151, 109]
[614, 196, 12, 11]
[671, 198, 15, 11]
[497, 240, 33, 22]
[421, 269, 42, 31]
[270, 325, 58, 41]
[822, 259, 43, 29]
[960, 354, 76, 56]
[763, 225, 31, 23]
[459, 226, 24, 17]
[437, 220, 21, 14]
[695, 210, 26, 18]
[621, 202, 21, 15]
[387, 220, 17, 12]
[565, 200, 17, 11]
[234, 230, 15, 11]
[410, 203, 14, 10]
[308, 223, 15, 11]
[178, 235, 14, 11]
[499, 199, 16, 11]
[333, 209, 13, 11]
[760, 245, 39, 28]
[845, 294, 57, 40]
[440, 268, 38, 28]
[329, 312, 57, 39]
[96, 405, 86, 66]
[334, 238, 20, 14]
[680, 228, 26, 19]
[385, 239, 24, 17]
[406, 247, 28, 20]
[594, 219, 22, 16]
[253, 242, 16, 11]
[463, 213, 17, 12]
[533, 214, 19, 13]
[369, 219, 15, 11]
[1086, 483, 124, 100]
[179, 248, 14, 11]
[231, 230, 13, 11]
[326, 334, 58, 43]
[827, 293, 58, 45]
[699, 245, 41, 29]
[270, 251, 26, 18]
[186, 254, 22, 16]
[317, 258, 34, 24]
[589, 228, 28, 20]
[324, 279, 39, 28]
[436, 217, 20, 14]
[76, 456, 95, 79]
[515, 219, 24, 16]
[115, 258, 17, 12]
[248, 228, 16, 11]
[1030, 445, 100, 72]
[41, 258, 15, 11]
[333, 221, 18, 12]
[168, 235, 12, 10]
[190, 235, 14, 10]
[60, 264, 15, 11]
[649, 246, 37, 27]
[794, 282, 50, 37]
[566, 230, 29, 21]
[316, 277, 39, 27]
[1001, 390, 83, 63]
[277, 265, 27, 19]
[230, 427, 95, 75]
[131, 263, 19, 13]
[480, 226, 21, 15]
[368, 227, 18, 13]
[199, 262, 21, 15]
[280, 232, 17, 12]
[307, 315, 43, 30]
[224, 235, 16, 11]
[83, 264, 16, 12]
[815, 293, 57, 43]
[695, 247, 42, 30]
[319, 317, 55, 40]
[308, 277, 40, 29]
[1076, 410, 89, 68]
[243, 263, 26, 18]
[457, 225, 22, 16]
[585, 231, 29, 21]
[363, 225, 19, 13]
[188, 254, 23, 16]
[239, 402, 76, 58]
[152, 249, 19, 13]
[308, 227, 13, 11]
[293, 334, 63, 47]
[271, 281, 38, 27]
[467, 225, 22, 16]
[578, 235, 30, 23]
[411, 220, 19, 13]
[238, 260, 23, 16]
[758, 263, 43, 31]
[191, 491, 110, 86]
[950, 333, 69, 50]
[399, 215, 17, 11]
[420, 203, 12, 10]
[232, 243, 18, 13]
[226, 248, 18, 13]
[242, 238, 15, 11]
[772, 283, 53, 38]
[278, 277, 37, 26]
[297, 253, 23, 16]
[536, 228, 23, 17]
[231, 348, 59, 45]
[603, 244, 35, 25]
[337, 235, 18, 12]
[528, 217, 20, 14]
[1162, 441, 86, 62]
[536, 207, 16, 12]
[384, 221, 14, 11]
[435, 210, 13, 11]
[713, 253, 41, 31]
[839, 322, 69, 48]
[353, 274, 38, 25]
[444, 241, 25, 17]
[724, 215, 21, 15]
[239, 350, 58, 43]
[710, 235, 27, 20]
[761, 205, 18, 12]
[522, 221, 19, 14]
[735, 214, 22, 15]
[789, 201, 16, 11]
[856, 196, 16, 11]
[595, 207, 17, 12]
[701, 196, 14, 11]
[648, 200, 15, 11]
[821, 199, 16, 11]
[979, 250, 32, 23]
[1013, 236, 24, 16]
[557, 271, 41, 30]
[1085, 410, 84, 62]
[690, 237, 28, 19]
[999, 303, 56, 39]
[1040, 231, 19, 13]
[791, 223, 22, 15]
[1073, 229, 18, 12]
[337, 362, 68, 52]
[1112, 229, 18, 12]
[855, 214, 18, 13]
[1089, 227, 17, 12]
[917, 213, 14, 11]
[1176, 301, 43, 32]
[634, 312, 60, 43]
[809, 258, 39, 27]
[920, 238, 31, 22]
[1210, 257, 30, 19]
[1243, 256, 23, 16]
[989, 230, 21, 14]
[1053, 228, 17, 12]
[1192, 269, 31, 19]
[232, 509, 117, 83]
[1117, 229, 15, 11]
[1179, 305, 43, 32]
[629, 320, 58, 43]
[1212, 264, 25, 16]
[919, 241, 31, 22]
[987, 231, 23, 15]
[1190, 275, 30, 21]
[1050, 231, 18, 12]
[1240, 258, 28, 18]
[806, 260, 41, 28]
[197, 538, 121, 99]
[1115, 232, 16, 11]
[1186, 304, 47, 35]
[797, 261, 41, 29]
[981, 227, 19, 15]
[913, 239, 29, 20]
[1237, 254, 28, 19]
[1210, 260, 27, 16]
[1044, 226, 17, 13]
[606, 333, 70, 45]
[1106, 226, 18, 12]
[1191, 272, 32, 22]
[93, 629, 86, 115]
[783, 276, 45, 33]
[903, 248, 33, 25]
[1217, 324, 50, 37]
[1236, 262, 24, 16]
[1210, 267, 27, 18]
[970, 235, 23, 15]
[1031, 229, 21, 14]
[1200, 283, 34, 24]
[1093, 230, 17, 11]
[1268, 260, 24, 11]
[883, 250, 37, 26]
[753, 294, 58, 42]
[1205, 287, 34, 24]
[1008, 226, 21, 14]
[1223, 259, 25, 15]
[1253, 257, 23, 16]
[947, 232, 26, 18]
[1250, 349, 54, 31]
[1203, 267, 27, 18]
[1240, 254, 27, 20]
[1068, 224, 20, 13]
